Energy: 395751.0967199974
EdgeEnergy: 69805.70584800016
FlightTime: 4389.423999999993
Throughput: 1200.0
