ExposureTime=0.004166666666666667
time=0.8358912037037037
Latitude=40.00805555555556
Longitude=-83.015
X=1
Y=2
Z=0
GimbalPosition=-15
