Energy: 384014.83607999753
EdgeEnergy: 67577.864172
FlightTime: 4249.335999999993
Throughput: 1200.0
