Energy: 5251.7735999999995
EdgeEnergy: 928.2673649999999
FlightTime: 58.37
Throughput: 1200.0
