len = 38
Energy: 39477.86036000001
EdgeEnergy: 6968.537922677136
FlightTime: 443.61199999999974
Throughput: 1200.0
Transfer Time: 7.640520731608073e-06

