len = 41
Energy: 42919.13885333336
EdgeEnergy: 7554.26306843231
FlightTime: 478.6339999999997
Throughput: 1200.0
Transfer Time: 8.10861587524414e-06

