len = 70
Energy: 72850.29706666678
EdgeEnergy: 12880.684435409807
FlightTime: 817.179999999999
Throughput: 1200.0
Transfer Time: 1.4365514119466145e-05

