len = 67
Energy: 69187.11524000012
EdgeEnergy: 12352.488728523062
FlightTime: 782.1579999999991
Throughput: 1200.0
Transfer Time: 1.3817946116129557e-05

