len = 74
Energy: 75123.41061333346
EdgeEnergy: 13508.239461468793
FlightTime: 863.875999999999
Throughput: 1200.0
Transfer Time: 1.5343030293782553e-05

