len = 9
Energy: 9369.06048
EdgeEnergy: 1670.8812837463706
FlightTime: 105.06600000000003
Throughput: 1200.0
Transfer Time: 1.9391377766927082e-06

