len = 34
Energy: 34980.953480000004
EdgeEnergy: 6225.924018115485
FlightTime: 396.9159999999998
Throughput: 1200.0
Transfer Time: 6.767114003499349e-06

