len = 57
Energy: 58816.94804000007
EdgeEnergy: 10495.95396776475
FlightTime: 665.4179999999993
Throughput: 1200.0
Transfer Time: 1.1678536732991537e-05

