len = 6
Energy: 15268.923701976864
EdgeEnergy: 2636.5149516851343
FlightTime: 177.90938631352236
Throughput: 1200.0
Transfer Time: 1.2111663818359375e-06

