len = 1
Energy: 1072.92672
EdgeEnergy: 185.65347578893778
FlightTime: 11.674
Throughput: 1200.0
Transfer Time: 2.6384989420572917e-07

