len = 8
Energy: 8455.163759999998
EdgeEnergy: 1485.2278076145305
FlightTime: 93.39200000000002
Throughput: 1200.0
Transfer Time: 1.7261505126953126e-06

