len = 34
Energy: 35036.07014666667
EdgeEnergy: 6283.45345901846
FlightTime: 396.9159999999998
Throughput: 1200.0
Transfer Time: 6.82830810546875e-06

