len = 38
Energy: 39303.440360000015
EdgeEnergy: 6968.537922059912
FlightTime: 443.61199999999974
Throughput: 1200.0
Transfer Time: 7.598400115966797e-06

