len = 39
Energy: 40916.92541333335
EdgeEnergy: 7182.956116694413
FlightTime: 455.2859999999997
Throughput: 1200.0
Transfer Time: 7.710456848144532e-06

