len = 72
Energy: 73812.43384000013
EdgeEnergy: 13194.461947707774
FlightTime: 840.527999999999
Throughput: 1200.0
Transfer Time: 1.4803409576416016e-05

