len = 9
Energy: 18485.464564181042
EdgeEnergy: 3193.0976740165092
FlightTime: 212.90512453839114
Throughput: 1200.0
Transfer Time: 1.881122589111328e-06

