len = 64
Energy: 65915.12674666676
EdgeEnergy: 11766.763589900258
FlightTime: 747.1359999999992
Throughput: 1200.0
Transfer Time: 1.384417215983073e-05

