len = 10
Energy: 21072.411279917418
EdgeEnergy: 3691.3440597848726
FlightTime: 248.31359019468835
Throughput: 1200.0
Transfer Time: 2.110004425048828e-06

