len = 34
Energy: 35107.89014666667
EdgeEnergy: 6283.453457829733
FlightTime: 396.9159999999998
Throughput: 1200.0
Transfer Time: 6.746451059977214e-06

