len = 3
Energy: 3218.78016
EdgeEnergy: 556.9604276068449
FlightTime: 35.022
Throughput: 1200.0
Transfer Time: 6.67572021484375e-07

