len = 7
Energy: 9250.91631296393
EdgeEnergy: 1626.1280810490132
FlightTime: 106.42315751799921
Throughput: 1200.0
Transfer Time: 1.5282630920410157e-06

