len = 5
Energy: 7105.062872963927
EdgeEnergy: 1254.8211286710327
FlightTime: 83.0751575179992
Throughput: 1200.0
Transfer Time: 1.0840098063151042e-06

