len = 27
Energy: 28154.66477333333
EdgeEnergy: 4955.114414713854
FlightTime: 315.198
Throughput: 1200.0
Transfer Time: 5.896091461181641e-06

