len = 41
Energy: 46331.101646967436
EdgeEnergy: 8221.596788758772
FlightTime: 527.0334581063785
Throughput: 1200.0
Transfer Time: 8.807977040608724e-06

