len = 18
Energy: 18587.44262666667
EdgeEnergy: 3312.9978452410155
FlightTime: 210.1320000000001
Throughput: 1200.0
Transfer Time: 3.647009531656901e-06

