len = 20
Energy: 20892.32606666667
EdgeEnergy: 3684.3047997792796
FlightTime: 233.4800000000001
Throughput: 1200.0
Transfer Time: 4.240671793619791e-06

