len = 47
Energy: 48352.53250666671
EdgeEnergy: 8610.654497339225
FlightTime: 548.6779999999995
Throughput: 1200.0
Transfer Time: 1.0258356730143228e-05

