len = 34
Energy: 35482.38014666667
EdgeEnergy: 6283.453464424885
FlightTime: 396.9159999999998
Throughput: 1200.0
Transfer Time: 7.2050094604492185e-06

