len = 38
Energy: 43558.631486967424
EdgeEnergy: 7664.636359608868
FlightTime: 492.0114581063786
Throughput: 1200.0
Transfer Time: 8.1022580464681e-06

