len = 80
Energy: 88656.04336988203
EdgeEnergy: 15799.108703960472
FlightTime: 1017.7527722665515
Throughput: 1200.0
Transfer Time: 1.6314983367919924e-05

