len = 80
Energy: 89204.95336988199
EdgeEnergy: 15799.108704772008
FlightTime: 1017.7527722665515
Throughput: 1200.0
Transfer Time: 1.6371409098307293e-05

