len = 80
Energy: 87782.68103801181
EdgeEnergy: 15779.105820764786
FlightTime: 1018.3619785150199
Throughput: 1200.0
Transfer Time: 1.7234484354654947e-05

