len = 6
Energy: 6309.310319999999
EdgeEnergy: 1113.9208545850356
FlightTime: 70.04400000000001
Throughput: 1200.0
Transfer Time: 1.2373924255371095e-06

