len = 4
Energy: 4219.88688
EdgeEnergy: 742.6139038186952
FlightTime: 46.696
Throughput: 1200.0
Transfer Time: 8.908907572428386e-07

