len = 13
Energy: 13891.617360000004
EdgeEnergy: 2413.4951875422057
FlightTime: 151.76200000000006
Throughput: 1200.0
Transfer Time: 2.765655517578125e-06

