len = 4
Energy: 4219.886879999999
EdgeEnergy: 742.6139038186952
FlightTime: 46.696
Throughput: 1200.0
Transfer Time: 8.96453857421875e-07

