len = 80
Energy: 80438.59921731405
EdgeEnergy: 14523.28409078761
FlightTime: 935.0451728931864
Throughput: 1200.0
Transfer Time: 1.740852991739909e-05

