len = 23
Energy: 36591.44891033856
EdgeEnergy: 6397.398490913252
FlightTime: 418.4171230469133
Throughput: 1200.0
Transfer Time: 4.450480143229167e-06

