len = 80
Energy: 80638.44112569747
EdgeEnergy: 14548.227295984138
FlightTime: 934.7794655190154
Throughput: 1200.0
Transfer Time: 1.631816228230794e-05

