len = 26
Energy: 26589.258053333335
EdgeEnergy: 4769.460935175852
FlightTime: 303.524
Throughput: 1200.0
Transfer Time: 5.442301432291667e-06

