len = 42
Energy: 53707.612082158885
EdgeEnergy: 9450.920063924259
FlightTime: 617.2734210295982
Throughput: 1200.0
Transfer Time: 8.784135182698568e-06

