len = 80
Energy: 81897.4886942909
EdgeEnergy: 14705.856846347375
FlightTime: 941.7393869661344
Throughput: 1200.0
Transfer Time: 1.7328262329101564e-05

