len = 62
Energy: 64780.47830666676
EdgeEnergy: 11481.750785440692
FlightTime: 723.7879999999992
Throughput: 1200.0
Transfer Time: 1.2560685475667317e-05

