len = 1
Energy: 1072.92672
EdgeEnergy: 185.65347560605662
FlightTime: 11.674
Throughput: 1200.0
Transfer Time: 2.511342366536458e-07

