len = 60
Energy: 62490.98486666675
EdgeEnergy: 11110.443833405618
FlightTime: 700.4399999999993
Throughput: 1200.0
Transfer Time: 1.2141068776448567e-05

