len = 16
Energy: 16369.769186666674
EdgeEnergy: 2941.690893057347
FlightTime: 186.78400000000008
Throughput: 1200.0
Transfer Time: 3.2178560892740884e-06

