len = 80
Energy: 81090.32426666675
EdgeEnergy: 14564.630888649763
FlightTime: 933.9199999999988
Throughput: 1200.0
Transfer Time: 1.7372767130533853e-05

