len = 80
Energy: 80175.02872148085
EdgeEnergy: 14547.938459816507
FlightTime: 934.759382984859
Throughput: 1200.0
Transfer Time: 1.6183058420817057e-05

