len = 43
Energy: 54549.68880215889
EdgeEnergy: 9636.573539953226
FlightTime: 628.9474210295982
Throughput: 1200.0
Transfer Time: 8.993943532307943e-06

