len = 23
Energy: 23808.43622666667
EdgeEnergy: 4241.26522340846
FlightTime: 268.50200000000007
Throughput: 1200.0
Transfer Time: 4.561742146809896e-06

