len = 23
Energy: 36678.658910338556
EdgeEnergy: 6397.398490913252
FlightTime: 418.4171230469133
Throughput: 1200.0
Transfer Time: 4.451274871826172e-06

