len = 43
Energy: 54652.28880215889
EdgeEnergy: 9636.573534786834
FlightTime: 628.9474210295982
Throughput: 1200.0
Transfer Time: 8.634726206461589e-06

