len = 27
Energy: 28036.674773333336
EdgeEnergy: 4955.114407478618
FlightTime: 315.198
Throughput: 1200.0
Transfer Time: 5.393822987874349e-06

