len = 62
Energy: 65092.06351621971
EdgeEnergy: 11568.387383582483
FlightTime: 735.8118096544581
Throughput: 1200.0
Transfer Time: 1.2499491373697917e-05

