len = 67
Energy: 70443.0909387913
EdgeEnergy: 12526.263768666731
FlightTime: 794.2405124464858
Throughput: 1200.0
Transfer Time: 1.3569196065266927e-05

