len = 60
Energy: 72522.68304215894
EdgeEnergy: 12792.682623655957
FlightTime: 827.4054210295976
Throughput: 1200.0
Transfer Time: 1.1963844299316406e-05

