len = 80
Energy: 82784.41426666682
EdgeEnergy: 14737.219193516341
FlightTime: 933.9199999999988
Throughput: 1200.0
Transfer Time: 1.6320546468098958e-05

