len = 6
Energy: 6150.280319999999
EdgeEnergy: 1113.9208547450567
FlightTime: 70.04400000000001
Throughput: 1200.0
Transfer Time: 1.2485186258951822e-06

