len = 80
Energy: 82354.80760000013
EdgeEnergy: 14679.689767701064
FlightTime: 933.9199999999988
Throughput: 1200.0
Transfer Time: 1.7306804656982423e-05

