len = 18
Energy: 27041.449212095216
EdgeEnergy: 4759.82850252714
FlightTime: 312.72958314452666
Throughput: 1200.0
Transfer Time: 3.742376963297526e-06

