len = 8
Energy: 16599.462012095213
EdgeEnergy: 2903.2937423746066
FlightTime: 195.98958314452665
Throughput: 1200.0
Transfer Time: 1.647472381591797e-06

