len = 76
Energy: 79120.47572000015
EdgeEnergy: 14023.370008828966
FlightTime: 887.2239999999989
Throughput: 1200.0
Transfer Time: 1.5438397725423176e-05

