len = 45
Energy: 46875.48740000003
EdgeEnergy: 8268.112264789796
FlightTime: 525.3299999999996
Throughput: 1200.0
Transfer Time: 9.802977244059245e-06

