len = 61
Energy: 62666.87992000008
EdgeEnergy: 11152.273706439908
FlightTime: 712.1139999999992
Throughput: 1200.0
Transfer Time: 1.2143452962239583e-05

