len = 37
Energy: 38071.48364000001
EdgeEnergy: 6782.884455632204
FlightTime: 431.93799999999976
Throughput: 1200.0
Transfer Time: 8.054574330647786e-06

