len = 80
Energy: 82101.5292666668
EdgeEnergy: 14650.925047769642
FlightTime: 933.9199999999988
Throughput: 1200.0
Transfer Time: 1.731077829996745e-05

