len = 20
Energy: 27647.72831658855
EdgeEnergy: 4814.232248263287
FlightTime: 312.0434242871158
Throughput: 1200.0
Transfer Time: 4.069805145263672e-06

