len = 16
Energy: 25111.055772095217
EdgeEnergy: 4388.52155037776
FlightTime: 289.38158314452664
Throughput: 1200.0
Transfer Time: 3.314812978108724e-06

