len = 71
Energy: 73504.47212000014
EdgeEnergy: 13095.102629792842
FlightTime: 828.853999999999
Throughput: 1200.0
Transfer Time: 1.4461676279703776e-05

