len = 17
Energy: 24500.768156588554
EdgeEnergy: 4257.271820336401
FlightTime: 277.0214242871158
Throughput: 1200.0
Transfer Time: 3.4499168395996095e-06

