len = 43
Energy: 44498.78396000002
EdgeEnergy: 7896.8053117603
FlightTime: 501.98199999999963
Throughput: 1200.0
Transfer Time: 9.313424428304036e-06

