len = 72
Energy: 73853.47384000011
EdgeEnergy: 13194.46194392442
FlightTime: 840.527999999999
Throughput: 1200.0
Transfer Time: 1.4539559682210287e-05

