len = 26
Energy: 35662.681305428545
EdgeEnergy: 6273.821030530293
FlightTime: 406.12158314452665
Throughput: 1200.0
Transfer Time: 5.412101745605469e-06

