len = 47
Energy: 48744.32084000004
EdgeEnergy: 8639.419216641989
FlightTime: 548.6779999999995
Throughput: 1200.0
Transfer Time: 1.020987828572591e-05

