len = 42
Energy: 43213.61890666669
EdgeEnergy: 7682.387115148397
FlightTime: 490.30799999999965
Throughput: 1200.0
Transfer Time: 9.0638796488444e-06

