len = 69
Energy: 71733.10868000014
EdgeEnergy: 12723.7956767062
FlightTime: 805.5059999999991
Throughput: 1200.0
Transfer Time: 1.3968149820963542e-05

