len = 20
Energy: 27647.72831658855
EdgeEnergy: 4814.2322480118255
FlightTime: 312.0434242871158
Throughput: 1200.0
Transfer Time: 4.0531158447265625e-06

