len = 80
Energy: 82619.65926666679
EdgeEnergy: 14650.925032019004
FlightTime: 933.9199999999988
Throughput: 1200.0
Transfer Time: 1.6216437021891276e-05

